0.24685128544,-0.632722362283
-0.267158951634,-0.866781189001
-0.0201016648132,-1.3057393211
0.444796537487,-1.51283110098
0.842607525405,-1.82055140789
1.2308036357,-2.14046743456
1.73051129229,-2.20493723634
2.10591120759,-2.54407779889
2.4633673916,-2.90103951281
2.99446240828,-2.84377521261
3.37396600877,-3.1830831427
3.6622131111,-3.6066747248
4.16102479452,-3.45959148267
3.81157079362,-3.99423260586
4.34322172912,-3.9033491865
4.86625733281,-3.76375610314
4.34830666422,-4.41443001577
4.85213635118,-4.35729011394
4.79492548764,-4.89158729454
5.33216956587,-4.98974412541
5.16182201738,-5.52227638719
5.59729238397,-5.84907028908
5.99636485531,-6.17879496554
5.39024805432,-6.27729779242
5.69035703961,-6.7458394886
5.98552255126,-7.21526795379
5.49760293153,-7.08821118255
5.71504814493,-7.60263432822
5.92033444316,-8.09141147618
6.14048120278,-8.62369748425
5.47146671695,-7.93700331323
5.5688675506,-8.45476577213
5.65334895734,-9.01427391195
5.2598523448,-8.642828024
5.21099485453,-9.19592013833
5.1372974006,-9.72387181642
4.8333458892,-10.127501488
4.43098063067,-10.4356635493
4.13252188103,-10.8909744056
4.55434094398,-10.2016514829
4.16819712505,-10.5887685445
3.82485942413,-10.9749281095
3.53971947979,-11.3906683974
3.23369446206,-11.8064403941
3.01026079681,-12.2559945604
2.58428567651,-12.8537132232
2.22257925535,-13.3161262782
1.84850525384,-13.7777632562
1.38331127002,-14.2232053815
0.908455631369,-13.9970490103
0.889137299002,-14.666585088
0.366152712472,-14.5716214264
0.371585486736,-15.1820762047
-0.152246472583,-15.2180874306
-0.166905795358,-15.7303085642
-0.6549907743,-15.9139944508
-0.863110187095,-16.3941493208
-1.33990409351,-16.6575936978
-1.64310421886,-17.0867498389
-2.07448687633,-17.3406299345
-2.48317380235,-17.6497773714
-3.00771850648,-17.716652736
-3.52678354257,-17.764137189
-3.72250964969,-17.2899893922
-4.17255696401,-17.040311738
-3.42087873772,-17.216599923
-3.6593864876,-16.7657098559
-3.84685468461,-16.2756124476
-3.66778936896,-16.8495728088
-3.65275938901,-16.2972674382
-3.54727894663,-15.7350868848
-3.91184287609,-16.5449739874
-3.66548269858,-16.0810296961
-3.3229423094,-15.6423670264
-4.1845316867,-16.4637664041
-3.73264548085,-16.2107566962
-4.41958020952,-16.5467989451
-3.91411187843,-16.3645551484
-4.7403997917,-16.514039403
-4.22220873293,-16.4467352284
-5.28892481877,-16.3760307102
-5.97362075006,-16.1629549098
-6.61192715115,-15.7911263313
-7.106076436,-15.7076925791
-7.43094693464,-15.303702836
-7.92016969542,-14.7794831318
-8.39760181338,-14.5800131899
-8.69466011304,-14.1729521168
-9.15744649973,-13.9474551589
-9.66382170243,-13.7261366757
-10.0432303828,-13.3885839531
-10.4598369705,-13.078532888
-10.8988833058,-12.7586520323
-11.3867383681,-12.605940141
-11.9001771109,-12.5673755552
-12.4117999423,-12.6059946242
-12.9168509995,-12.7985781248
-13.3297207687,-13.0954533432
-13.7253050107,-13.4562549412
-14.1381023486,-13.7841994272
-14.5477698295,-14.0866866016
-14.8747736958,-14.5215327389
-15.3923390696,-14.6494415981
-15.8943253586,-14.8149859033
-16.2064538503,-15.2172385711
-16.5484173038,-15.6710837513
-16.7982189963,-16.1432622361
-17.1126602742,-16.5589418521
-17.393851549,-17.0522189594
-17.8528085119,-17.291745401
-18.3468689764,-17.5400482032
-18.7162256024,-17.9190902704
-19.2304816967,-18.0247099354
-19.6505810733,-18.3293031444
-19.3648429732,-17.8875708308
-19.8487398052,-18.1039245096
-20.3740783221,-18.1058545629
-20.8328413317,-17.889293903
-21.069108642,-17.4431047685
-21.375784326,-17.0480979295
-20.966819201,-16.6906220884
-21.8942668586,-16.7154389775
-21.564541054,-16.3326311476
-22.5005237672,-16.2911781753
-23.2904896129,-15.9184186465
-24.2257428716,-15.5512319413
-24.7234708997,-15.3848564169
-25.1815995165,-15.1322907245
-25.6852342628,-14.9949915288
-25.9383926715,-14.5446942473
-26.3816217311,-14.3106489409
-26.754315137,-13.9147574823
-27.1907649043,-13.6423052156
-27.5678095572,-13.2358106493
-27.9898859968,-12.8923227803
-28.2923634667,-12.4760719208
-28.7280900422,-12.1404426979
-29.1305959244,-11.784437272
-29.5660870744,-11.4735995346
-29.9505442533,-11.1536556998
-30.3770325711,-10.880733048
-30.7573491595,-10.5298420326
-31.1837539974,-10.0941230286
-31.5638304884,-9.75524483263
-31.9540478168,-9.43547888521
-32.3301018514,-9.09530017347
-32.7705282546,-8.80543010145
-33.0924540147,-8.39030833146
-33.4785185039,-8.01734297121
-33.8611846303,-7.63772969118
-34.2203245009,-7.28807282314
-34.5768314742,-6.92129772647
-34.9525463145,-6.52703235884
-35.2459802405,-6.09481594858
-35.6451216461,-5.74731252344
-35.9347730656,-5.31210062383
-36.3050001869,-4.92214687559
-36.560028447,-4.47645270736
-36.7406854691,-3.92671052141
-36.9384256943,-3.44892959032
-36.4488584979,-4.10407738153
-36.5751302852,-3.56249100558
-36.6828255704,-3.02581932312
-36.7579867192,-2.52976572064
-36.2344053284,-3.20713969999
-36.1861354936,-2.63927237402
-36.1226774037,-2.11199103702
-35.9683181688,-2.7563347087
-35.7973753617,-2.2762234367
-35.5777348561,-1.8202094782
-35.0408573212,-1.85894678561
-34.6469362178,-1.52055769488
-34.1023791614,-1.56070935705
-33.6257055496,-1.33877705954
-34.0052699927,-1.68678385319
-33.4994887393,-1.51838857094
-33.0190052381,-1.35665541717
-32.5406082057,-1.55234474401
-32.099700764,-1.85625769822
-31.5633482788,-1.89871584826
-31.100664816,-2.15013052301
-30.561240217,-2.30575116038
-30.0410291705,-2.47354871731
-29.5155532505,-2.59823395849
-29.090958727,-2.93166826515
-28.5380230356,-2.77253486273
-28.3560234677,-3.26193925725
-27.3743059731,-3.5017229413
-27.7204725443,-3.88358769499
-26.8268344847,-3.95535652336
-27.19212366,-4.31463535677
-26.2700910622,-4.47452864114
-25.6065143561,-5.0397939426
-24.9551732987,-5.7267156552
-24.7836571497,-6.20808163597
-24.3791273179,-6.5350638106
-24.1159977837,-6.99610853151
-23.8274569391,-7.48289958482
-23.491611477,-7.9271077586
-23.1944289362,-8.39762157184
-22.909191817,-8.84559407697
-23.1273210136,-8.29147481443
-22.7740264259,-8.69316838281
-22.3610801535,-9.09903945175
-21.9550161479,-9.42208248531
-21.4976147478,-9.74991815606
-22.1086000559,-9.28090567602
-21.605837041,-9.48717116553
-21.1099180119,-9.63800647
-20.5725953832,-9.45460066224
-20.2036575094,-9.04887881692
-19.8446936036,-8.60172496642
-19.7365062498,-8.09976519025
-19.6580448229,-7.58820466121
-19.6051621863,-8.17385820141
-19.6293969138,-7.59855568159
-19.6644639834,-7.097771071
-19.7415228908,-6.57201945742
-19.2459695998,-7.5558533078
-19.3797103249,-7.04786170369
-19.5500860078,-6.53364343216
-18.8622670267,-7.1048606163
-19.0456651283,-6.60493434292
-18.5807365966,-6.40818751719
-18.5515156417,-5.70297733841
-18.5478659016,-5.0111426679
-18.5638726297,-4.28412274498
-18.7386671908,-3.55969210474
-19.0635922621,-2.81014959711
-19.3095309741,-2.34162253727
-19.5021446135,-1.84390198948
-19.7829936076,-1.42049009573
-19.8836613736,-0.900271144449
-20.170163406,-0.444152882969
-20.1798219023,0.107147403306
-20.1939496037,0.636825476809
-20.4243988621,1.08704737501
-20.5888032612,1.5823055754
-20.673613303,2.108147931
-20.9718718104,2.57860016728
-20.9931732654,3.086859857
-21.2069563672,3.54705611761
-21.1789764284,4.05127091553
-21.34570794,4.53587382585
-21.527864617,5.06794220933
-21.5794938329,5.56699793673
-21.7159445684,6.10263508279
-21.5131200013,5.58448538397
-21.612630382,6.07857105437
-21.7011430619,6.61623349576
-21.7111111154,7.15573934727
-21.8787778459,7.65054975257
-21.9654358294,8.15128173336
-22.0705680706,8.64730825052
-21.8597917131,9.13021215651
-22.162062882,9.5423707358
-22.4229313914,10.0079313076
-22.1463364862,10.4446266475
-22.2624771093,10.9508300538
-21.7924745868,11.2627986763
-21.3337527209,11.4912092481
-21.9907957659,11.7159832719
-21.5875808356,12.032103337
-21.1015314262,12.3586207604
-21.1020001149,12.8950051507
-20.6246968143,13.20351458
-20.292581623,13.6449188921
-19.8189276109,13.9004424195
-20.2931178708,13.467128857
-19.7945777607,13.628742576
-19.3390368257,13.4172014451
-18.8753730799,13.2223011484
-18.4501421063,12.958182143
-17.9440263671,12.649415991
-17.5254728862,12.3295136428
-17.1414527561,12.0045296628
-16.7798657098,11.6009662164
-16.3486952645,11.2958761391
-15.9394907514,10.9516207481
-15.4270734893,10.7459079582
-14.9800092704,10.3988521452
-14.6277285119,10.0167605625
-14.2869980488,9.63070996095
-14.0718135461,9.17707740286
-13.8015071537,8.71169428765
-13.4394253113,8.34865764659
-12.991934519,8.10958582291
-13.0480919779,7.60286696038
-12.4804903119,7.71234394435
-12.5303877306,7.19824058893
-11.8675458141,7.09668975861
-11.2118685834,6.67006313606
-10.9493107731,6.21077667741
-10.4228282341,6.13055869066
-10.0494090388,5.73729172539
-9.55402135255,5.62271901749
-9.17531161305,5.27545873359
-8.70403889403,5.07137512939
-8.33683456824,4.7162196263
-7.92364085816,4.4312404284
-7.5009140185,4.12948950065
-7.00681943149,3.80122481676
-6.40622853872,3.36079021495
-5.89436419776,2.91904726289
-5.32097388936,2.43864631844
-4.73649430228,1.99782435124
-4.40755346675,1.59273171673
-3.96118939309,1.36042050982
-3.60812321843,0.970116349716
-3.13999154335,0.731307402254
-2.75400426339,0.41238727738
