17.4623957867,-20.5989761611
17.4726404885,-21.1231273966
17.7815464132,-21.5190412871
18.2198498741,-21.8245221188
18.7085403151,-21.9965961264
19.0540898618,-22.3950710143
19.5035460694,-22.6637749622
19.7791986085,-23.084632706
20.2941851819,-23.2054311035
20.6496343677,-23.5641851822
21.1558243524,-23.7180622454
21.6195662733,-23.955733166
22.2405504619,-24.3919073475
22.7444794212,-24.4914807462
23.2974189659,-24.5541073645
23.2895788666,-25.1859961538
23.8037511506,-25.3778886833
24.2809307551,-25.5763755343
23.9223108822,-26.3382474623
24.2218100366,-26.8089076094
24.4512635986,-27.3261242437
23.8191997436,-27.7761963591
23.8388100978,-28.3392257506
23.7982551745,-28.9261163808
23.6780539739,-29.4594766765
23.2370691126,-28.9786952316
22.9471434869,-29.42330701
22.6139328598,-29.8818498613
22.2114394223,-30.350106013
21.8564109561,-30.7222339042
22.4783460526,-29.9991070591
22.0747662379,-30.338805165
21.6229014835,-30.6728830665
21.1372622318,-30.9900344074
21.9145453728,-31.0301235778
21.4555422958,-31.380841514
21.0383674471,-31.6886452811
20.5920684029,-31.9929798362
21.4567109327,-32.2111677127
21.0756883631,-32.6699608277
20.7560928984,-33.0577724233
20.4428131744,-33.4636455073
20.1338218336,-33.9095598343
21.3035128512,-33.548846194
21.2011544094,-34.0900967633
21.1033633158,-34.6358901894
20.9523111033,-35.1656812988
21.2950822957,-34.4024046506
20.9202234107,-34.9212664845
20.6598127102,-35.365294137
20.0492650679,-35.8357391811
19.6049420313,-36.0828387408
19.0949055405,-36.253900312
18.8837566608,-36.7379554029
18.3797072191,-36.9243237505
17.7968818605,-37.0882906327
17.2290947895,-37.2136910342
17.9095985021,-37.7033737488
17.3731855302,-37.8841469495
16.8024450156,-38.0778336659
16.3188848126,-38.2593272142
15.7956719357,-38.4586138868
16.9827089619,-38.6559939821
16.4586008065,-38.9497074997
16.0033192957,-39.214168681
15.516423215,-39.5017904088
14.9935888927,-39.8016648521
15.9035347423,-39.5561221671
15.4580589847,-39.8437129581
14.9641140681,-40.1590956306
14.4449619376,-40.4898208921
13.901604639,-40.8270222219
14.7473853018,-39.8448578542
14.2366473821,-40.1014276855
13.7154660859,-40.3322050714
13.199537842,-40.5136469549
14.0765317106,-39.2608556707
13.5758362896,-39.0384206813
13.1283807405,-38.7065359732
12.7577418633,-38.363235041
13.8215603449,-37.6192979328
13.8115939596,-37.0231755978
13.8447738971,-36.4444521917
13.89894756,-35.9377348789
13.5223064561,-36.6977816236
13.5912933835,-36.1900376486
13.6814650754,-35.6520507692
13.8052699832,-35.0624452508
13.9598155652,-34.4174792321
14.0948127298,-33.8988555401
13.0141406918,-35.6310743548
13.1086613377,-35.1245261023
13.2211808167,-34.5819637419
13.3518047104,-33.9953622191
13.5041828272,-33.3630657927
13.628716426,-32.8640156342
12.2273772589,-34.8540487736
12.2755960546,-34.2864395311
12.343604265,-33.6663559666
12.3996330646,-33.1385622441
12.4644922101,-32.5731411921
11.2971254739,-34.3662530765
11.2016289409,-33.811227383
11.099823953,-33.2339556964
11.0049681779,-32.7114150292
10.2949001544,-34.0883830053
10.0033426439,-33.675605676
9.6799766677,-33.2192081957
9.32431482625,-32.7423525651
9.19554860941,-33.7971469376
8.78124142543,-33.5155927621
8.32681585441,-33.2285197946
7.82510116026,-32.9499064473
8.24926223128,-33.4895350244
7.76300583885,-33.3380270801
7.2015992163,-33.2245679064
6.69121997005,-33.1533220519
6.11522439835,-33.119686175
5.52976911592,-33.1590144722
5.01576042377,-33.2119210844
5.92481776906,-33.0657480908
5.37965883152,-33.165161041
4.79969479021,-33.3052500592
4.21312626698,-33.481842916
3.72410660999,-33.6514831469
4.72385145869,-33.438608584
4.19316331829,-33.6645861662
3.6815749492,-33.8973579635
4.21729743825,-34.4253665625
3.84459413006,-34.7883561312
3.53252359857,-35.2160203742
3.56817921291,-35.744865175
3.44636201645,-36.2730460167
3.36173323287,-36.8340542189
3.13280728199,-37.3237816378
3.16570372905,-37.8735783325
3.22960840436,-38.4518297264
2.63454190826,-37.9161969218
2.63324769038,-38.4228210094
2.64973498555,-38.9700324268
2.69180600789,-39.4742248012
2.15106002432,-39.0903088285
2.14726222301,-39.6264618759
2.16088850935,-40.1278066476
2.1911723502,-40.682307782
2.22267637999,-41.2908819125
1.31672424708,-40.3989984245
1.2459117054,-40.9154197039
1.161788785,-41.4457101533
1.06803722841,-41.9811994466
0.985177495823,-42.5224211925
-0.151082763283,-40.9059331004
-0.464168929443,-41.3751806585
-0.782184918072,-41.8544566973
-1.08342199694,-42.3250378644
-1.76171765378,-40.4500843811
-2.29892128257,-40.5308929823
-2.87409389438,-40.5326459584
-3.3858493276,-39.2644192962
-3.85684695371,-39.0180130751
-4.34640828217,-38.7373377209
-4.86611313091,-38.4220092037
-5.31408409671,-38.1377994061
-4.90329811306,-37.6424704398
-5.25412157834,-37.2799429058
-5.6018718034,-36.895639502
-5.95119610163,-36.4909308358
-6.31317529721,-36.0597259318
-5.68349928512,-36.6465882336
-6.05458583084,-36.153008067
-6.35058955889,-35.7383767602
-6.64760735731,-35.3045384002
-6.95337501606,-34.8494690842
-6.58383638319,-35.640062735
-6.91374771045,-35.1623169871
-7.26403632479,-34.6529859678
-7.54396927962,-34.2269279297
-7.81986456362,-33.7742717683
-7.5118626409,-34.7645842282
-7.79981613904,-34.3200589661
-8.10671497407,-33.8624382586
-8.44126664064,-33.4180972037
-8.80752874819,-32.9696795902
-8.60512803193,-33.9478496674
-9.03627379883,-33.6087519785
-9.48746439952,-33.2733730872
-9.94895569954,-32.9580484649
-10.4888382602,-33.0453272851
-10.9867351582,-32.9752676216
-11.4680273375,-32.825284335
-12.0070349744,-32.9495548611
-11.9899311013,-32.1389478998
-12.5216574375,-32.2142191824
-13.0754834483,-32.3731568271
-13.1458204195,-31.3006328352
-13.6917567622,-31.3229933617
-14.2503791607,-31.4269757534
-14.2035419646,-30.4247010343
-14.7111839073,-30.3793422331
-15.2629008519,-30.3879635927
-15.8001693219,-30.4271753659
-15.7646205794,-29.5198832636
-16.3322159618,-29.4687211964
-16.8653708629,-29.4358096753
-17.4420379218,-29.4332536905
-16.6615069091,-28.2584503458
-17.1645577825,-28.1296316508
-17.6805302562,-27.9894267417
-18.227904328,-27.8032523371
-17.0214937657,-26.2830761796
-17.2990152385,-25.8279349744
-17.5438395339,-25.3451664312
-17.7413932413,-24.8702217473
-16.0344995775,-24.3799743519
-15.8879198964,-23.8805069724
-15.6683369853,-23.3627208799
-14.3152404627,-23.430653343
-13.861990386,-23.1725069245
-13.3758353825,-22.9675464988
-12.8543426158,-22.8093668068
-12.2944232682,-23.2216671929
-11.6973600135,-23.2237149928
-11.1588428383,-23.2696620744
-10.5970950398,-23.3524130167
-10.0720288376,-23.5645016517
-9.56617535813,-23.7510009473
-9.01828149219,-23.9917399263
-8.5610933872,-24.2250695141
-8.00303385236,-24.3271923074
-7.5634936578,-24.6196380086
-7.09985593086,-24.9566949195
-6.63013398632,-25.3389061388
-7.27730387648,-24.729737753
-6.8872225349,-25.0904475424
-6.49750208779,-25.4897792955
-6.12855429573,-25.9150128916
-5.78520710525,-26.3649714393
-6.36156872166,-26.0103366462
-6.07052890765,-26.519197782
-5.83264671713,-27.0390930186
-5.63333721868,-27.5716717807
-5.47373210767,-28.1237557868
-5.86499266699,-27.7674256878
-5.83714275904,-28.2699982305
-5.91626371824,-28.7864795298
-5.39451664331,-28.7937974081
-5.51621291672,-29.2915309981
-5.73836961091,-29.8392009384
-5.98902010409,-30.3495264148
-4.46867415495,-30.2685073956
-4.50679379934,-30.808158576
-4.53006229246,-31.3959952208
-4.5272866476,-31.9028254779
-4.48502022656,-32.4474352537
-2.53236685847,-31.5175964721
-2.20327711639,-31.97194546
-1.83184469837,-32.4322438771
-1.40073156732,-32.8937927457
-1.03408285803,-33.2382558798
-0.630047244736,-33.5806385111
0.314778704425,-31.475217952
0.839997591533,-31.5905040215
1.41205919591,-31.6987423018
2.02118949033,-31.7905789651
2.66113345498,-31.8533442904
3.33264818388,-31.8852244291
4.0709233421,-31.8819374692
2.97046982645,-30.0166279251
3.61960667991,-29.7833347895
4.2735233585,-29.5088514206
4.73480712588,-29.2998360777
5.20252064843,-29.0759495332
5.6594577886,-28.8504574474
6.13875371399,-28.6061742042
6.61051984807,-28.3570481068
7.10593923628,-28.0814929687
7.59056044787,-27.7958447435
4.26664043025,-27.3816711938
4.72399736389,-26.8813941235
5.18675228547,-26.3439828273
5.64686135354,-25.7854180623
6.11213643718,-25.2025103714
6.42831245044,-24.7928098663
6.73428796596,-24.3904581388
7.0534589281,-23.9676064792
3.8324167873,-24.9975740754
4.04136809372,-24.4463373643
4.2571706815,-23.8973565593
4.48373615141,-23.3419395735
4.71468920794,-22.7786899052
4.94635364049,-22.2214641314
5.18827686741,-21.6458475923
2.57951766352,-23.1442064963
2.60155434206,-22.5625134677
2.60759307857,-21.9979404289
2.59701935693,-21.4496033635
2.57814127151,-20.9155130148
0.858827370012,-22.0817178471
0.512643896019,-21.6828677618
0.123430773291,-21.330066176
-0.340386818567,-21.0025467092
-0.857406335842,-20.7000271439
-1.7512326111,-21.2290198305
-2.30365519154,-21.0976236713
-2.87459318655,-20.9830029265
-3.45819627272,-20.894467332
-2.02264103629,-20.7874987858
-2.53390156369,-20.7524577437
-3.04779088976,-20.7473388292
-3.58074014424,-20.7623788303
-2.47887317062,-19.3319554782
-2.99951284897,-19.1746901248
-3.56175683475,-19.0320370102
-2.79925354364,-17.5585812062
-3.14499938832,-17.1883610055
-3.51782966257,-16.7839416366
-2.87402613143,-15.6770240444
-2.99995648776,-15.1850285397
-3.1268216315,-14.6618338491
-3.23271286554,-14.0976289368
-2.86202866483,-13.7615661867
-2.88797733988,-13.2297634534
-2.9221415531,-12.696409415
-2.96527396669,-12.137580339
-3.09831747655,-11.6251043334
-3.19269812936,-11.0736414744
-3.28562965937,-10.5002412541
-3.36842302041,-9.90545429251
-3.48305112003,-9.4017522412
-3.5331441307,-8.83008458509
-3.56008463711,-8.32829955299
-3.25353230514,-7.83445954536
-3.09920067218,-7.23342749234
-2.91184138322,-6.73843786022
-2.68045278345,-6.22897039392
-2.15379543663,-7.07170849764
-1.81817170866,-6.66164174434
-1.45431387572,-6.25532123006
-1.0691204526,-5.851246878
-0.651970175642,-5.43897969129
-0.217799199446,-5.03473521399
0.0783669699186,-6.36634695621
0.616695363243,-6.14818681708
1.13020312778,-5.96985929109
1.62360746777,-5.82052258308
1.22966957966,-7.30756412355
1.78402590169,-7.46023573731
2.22248207853,-7.70445293869
2.3443833606,-8.66922749174
2.49809499114,-9.14511636907
2.56583117652,-9.68613517645
2.5451628081,-10.2838116682
3.19270894916,-10.2037467947
3.17638417116,-10.7340405323
3.1019169189,-11.3014768562
2.9541547661,-11.9033992021
2.8011305396,-12.4151862176
4.18338625708,-11.5506411447
4.14176526123,-12.0851937602
4.08682728912,-12.6373423937
3.99889239087,-13.2058430894
5.54160264475,-12.6949355833
5.62521993674,-13.1933361197
5.69740142032,-13.7526346564
7.08234715763,-13.5884375706
7.4781692843,-13.9928183583
7.88406458354,-14.3405579385
8.76595770224,-14.4943851999
9.3027259938,-14.7614731473
9.78617803142,-14.9504971022
10.2793910729,-15.1279774427
10.5790511177,-15.5378591117
11.1353066076,-15.6967384188
11.7275618141,-15.8595920314
12.2169874531,-15.9877254195
11.7454277305,-16.5406852607
12.255653442,-16.7448253707
12.7916374115,-16.9656523478
